1
1
1
1
1
1
1
1
1
1
1
1
1
1
1
1
1
1
15
1
1
1
1
1
1
1
1
1
1
1
1
1
1
1
1
1
1
1
1
1
1
1
1
1
1
1
1
1
1
1
1
1
1
1
1
1
1
1
1
1
1
1
1
1
1
1
1
1
1
1
1
1
16
1
1
1
1
1
1
1
1
1
15
1
1
1
1
1
17
1
1
1
1
1
16
1
1
1
1
1
0
0
0
0
0
0
0
0
0
0
0
6
6
2
2
0
8
2
13
13
13
13
13
13
0
5
0
0
7
12
0
0
0
12
0
0
0
12
0
0
0
0
0
0
0
0
0
0
11
0
20
0
0
0
0
0
0
0
0
0
0
0
4
0
0
0
0
0
0
0
0
0
10
0
0
0
11
0
0
0
5
0
0
0
0
0
0
0
0
0
0
0
4
0
0
0
0
4
20
0
0
0
0
7
0
10
0
0
0
0
0
0
0
0
0
0
0
0
0
0
0
0
0
0
0
0
0
0
0
12
0
0
0
12
12
0
0
0
0
0
0
0
0
0
0
0
0
0
0
0
0
0
0
0
0
9
0
0
0
0
0
0
0
9
0
0
0
0
0
0
0
0
0
0
0
0
0
0
0
0
0
0
0
0
0
0
0
0
0
0
0
0
0
0
0
0
0
0
0
0
0
0
0
0
0
0
0
0
0
0
0
0
0
0
0
0
0
0
0
0
0
0
0
0
0
0
0
0
0
0
0
0
0
0
0
0
0
0
0
0
0
0
0
0
0
8
0
0
0
0
0
0
0
0
0
0
0
0
0
0
0
0
0
0
0
0
0
0
0
0
0
0
0
0
0
0
0
0
0
0
0
0
0
0
0
0
0
0
0
0
0
0
0
0
0
0
0
0
0
0
