1
1
1
1
1
15
1
1
1
1
1
1
1
1
1
1
1
1
1
17
1
1
1
1
1
1
1
1
1
1
15
1
1
16
1
1
1
1
1
1
1
1
1
1
1
1
1
1
1
1
1
1
1
1
1
1
1
1
1
1
1
1
1
1
1
1
1
1
1
1
1
1
1
1
1
1
1
1
1
1
1
1
1
1
1
1
1
1
1
1
1
1
1
1
1
1
1
1
1
1
13
13
0
0
0
14
0
0
0
0
5
0
0
0
0
0
0
13
11
10
11
7
10
8
0
0
0
0
0
0
0
0
0
0
0
0
13
0
13
0
0
0
0
0
0
0
0
0
0
0
0
0
0
0
0
0
0
0
0
0
0
0
0
0
0
0
0
0
0
0
0
0
0
0
0
0
0
0
0
0
0
0
0
0
0
4
0
0
0
0
0
0
0
0
0
0
0
0
0
0
0
0
0
0
0
0
0
0
0
0
0
0
12
0
0
0
0
0
0
13
0
0
0
0
0
0
0
0
0
0
0
0
0
0
0
0
0
0
0
0
0
0
0
0
0
0
0
0
0
0
0
4
2
0
0
0
0
0
0
0
0
0
0
4
12
0
0
0
9
0
0
0
0
0
0
0
8
0
0
0
0
0
0
0
12
0
0
0
12
2
0
0
12
0
12
0
0
0
0
0
0
6
0
6
7
0
20
0
0
0
0
20
0
0
0
0
2
0
0
0
0
0
0
0
0
0
0
0
0
0
0
0
0
0
0
0
0
0
14
0
0
0
0
0
0
0
0
0
0
0
0
0
0
0
0
0
0
0
0
0
0
0
0
0
0
0
0
0
0
0
0
9
14
0
0
0
0
0
0
0
0
0
0
0
0
0
0
0
0
5
0
0
0
0
0
0
0
0
0
0
