1
1
1
1
1
1
1
1
1
1
1
1
1
1
1
1
1
1
1
1
1
1
1
1
1
1
1
16
1
1
1
1
1
1
1
1
17
1
1
1
1
1
1
1
1
1
1
1
1
1
1
1
1
1
1
1
1
1
1
1
1
1
1
1
1
1
1
1
1
1
1
1
1
1
1
1
1
1
1
1
1
1
1
1
1
17
1
1
1
1
1
1
1
1
1
1
16
1
1
1
14
0
6
0
0
0
0
0
0
0
0
12
0
13
0
2
0
12
12
0
0
0
0
0
0
0
0
0
0
0
13
4
0
0
0
0
0
13
13
0
20
10
0
12
0
0
13
0
0
0
0
0
0
0
0
0
0
0
0
0
0
0
0
0
0
7
0
0
14
0
0
6
0
0
0
0
0
0
0
0
0
0
0
4
0
0
0
13
0
0
0
0
12
0
0
0
0
0
0
10
0
20
14
0
0
0
8
5
0
0
0
0
0
0
0
0
0
0
0
4
0
0
0
0
0
0
0
0
0
0
9
0
0
0
0
0
0
0
0
0
0
0
0
0
0
0
0
12
0
0
0
0
9
0
0
2
0
0
11
5
0
0
0
0
0
0
0
0
0
0
0
0
0
0
0
0
0
0
0
0
0
0
0
0
0
0
0
0
0
2
0
0
0
0
0
0
0
0
0
0
0
7
0
0
0
0
0
0
0
0
0
0
0
0
0
0
0
0
0
0
0
0
0
0
0
0
0
0
0
0
0
8
0
0
0
0
0
0
0
0
0
0
0
0
0
0
0
0
0
0
0
0
0
0
0
0
0
0
0
0
0
0
0
0
0
0
0
0
0
0
0
0
0
0
0
0
0
0
0
0
0
0
0
0
0
0
0
0
0
0
0
0
0
0
0
0
0
0
0
0
