1
1
1
1
1
16
1
1
1
1
1
1
1
1
1
1
1
15
1
1
1
1
15
1
1
1
1
1
1
1
1
1
1
1
1
1
1
1
1
1
1
1
1
1
1
1
1
1
1
1
1
1
1
1
1
1
1
1
1
1
1
1
1
1
1
1
1
1
1
1
1
1
1
1
1
17
1
1
1
1
1
17
1
1
1
1
1
1
1
1
1
1
1
1
1
1
1
1
1
1
0
0
12
0
0
0
0
0
0
0
0
0
0
0
20
12
14
4
0
0
0
0
0
20
0
12
0
0
0
0
0
0
0
0
0
0
0
0
0
0
0
0
0
0
0
0
0
9
0
0
0
0
0
0
0
0
0
0
0
10
0
0
0
0
0
0
0
0
0
0
13
13
13
13
14
0
6
0
0
0
0
0
0
0
0
0
0
12
0
0
0
0
0
0
0
0
0
0
0
0
0
0
0
0
0
0
0
0
0
0
0
0
0
12
0
0
0
0
0
0
0
0
0
0
0
0
13
13
0
0
0
0
0
0
0
4
0
12
0
0
0
14
0
5
0
0
0
0
0
0
0
0
0
0
0
0
0
0
0
0
0
0
0
0
0
0
0
0
0
0
0
0
0
0
0
0
0
0
8
0
0
0
0
0
0
0
0
0
0
0
0
0
0
0
0
0
5
0
0
0
0
0
0
0
0
0
0
0
0
0
0
6
0
0
0
2
0
0
0
0
10
0
0
0
11
0
0
0
0
0
0
0
0
8
0
0
0
0
0
9
11
0
0
0
0
0
0
0
0
2
0
0
0
0
0
0
0
0
0
0
0
4
0
0
2
0
0
0
0
0
0
0
0
0
0
7
0
0
0
0
0
0
0
0
0
0
0
0
0
0
0
0
0
0
0
0
0
0
0
0
