clingo version 5.2.2
Reading from BasicVersion1.lp
Solving...
Answer: 1
at(0,0,1) at(1,0,1) at(2,0,1) at(3,0,1) at(4,0,1) at(5,0,1) at(6,0,1) at(7,0,1) at(8,0,1) at(9,0,1) at(10,0,1) at(11,0,1) at(12,0,1) at(13,0,1) at(14,0,1) at(15,0,1) at(16,0,1) at(17,0,1) at(18,0,1) at(19,0,1) at(20,0,1) at(21,0,1) at(22,0,1) at(23,0,1) at(24,0,1) at(25,0,1) at(26,0,1) at(27,0,1) at(28,0,1) at(29,0,1) at(30,0,1) at(31,0,1) at(32,0,1) at(33,0,1) at(34,0,1) at(35,0,1) at(36,0,1) at(37,0,1) at(38,0,1) at(39,0,1) at(40,0,1) at(41,0,1) at(42,0,1) at(43,0,1) at(44,0,1) at(45,0,1) at(46,0,1) at(47,0,1) at(48,0,1) at(49,0,1) at(50,0,1) at(51,0,1) at(52,0,1) at(53,0,1) at(54,0,1) at(55,0,1) at(56,0,1) at(57,0,1) at(58,0,1) at(59,0,1) at(60,0,1) at(61,0,1) at(62,0,1) at(63,0,1) at(64,0,1) at(65,0,1) at(66,0,1) at(67,0,1) at(68,0,1) at(69,0,1) at(70,0,1) at(71,0,1) at(72,0,1) at(73,0,1) at(74,0,1) at(75,0,1) at(76,0,1) at(77,0,1) at(78,0,1) at(79,0,1) at(80,0,1) at(81,0,1) at(82,0,1) at(83,0,1) at(84,0,1) at(85,0,1) at(86,0,1) at(87,0,1) at(88,0,1) at(89,0,1) at(90,0,1) at(91,0,1) at(92,0,1) at(93,0,1) at(94,0,1) at(95,0,1) at(96,0,1) at(97,0,1) at(98,0,1) at(99,0,1) at(0,1,1) at(1,1,1) at(2,1,1) at(3,1,1) at(4,1,1) at(5,1,1) at(6,1,1) at(7,1,1) at(8,1,1) at(9,1,1) at(10,1,1) at(11,1,1) at(12,1,1) at(13,1,1) at(14,1,1) at(15,1,1) at(16,1,1) at(17,1,1) at(18,1,1) at(19,1,1) at(20,1,1) at(21,1,1) at(22,1,1) at(23,1,1) at(24,1,1) at(25,1,1) at(26,1,1) at(27,1,1) at(28,1,1) at(29,1,1) at(30,1,1) at(31,1,1) at(32,1,1) at(33,1,1) at(34,1,1) at(35,1,1) at(36,1,1) at(37,1,1) at(38,1,1) at(39,1,1) at(40,1,1) at(41,1,1) at(42,1,1) at(43,1,1) at(44,1,1) at(45,1,1) at(46,1,1) at(47,1,1) at(48,1,1) at(49,1,1) at(50,1,1) at(51,1,1) at(52,1,1) at(53,1,1) at(54,1,1) at(55,1,1) at(56,1,1) at(57,1,1) at(58,1,1) at(59,1,1) at(60,1,1) at(61,1,1) at(62,1,1) at(63,1,1) at(64,1,1) at(65,1,1) at(66,1,1) at(67,1,1) at(68,1,1) at(69,1,1) at(70,1,1) at(71,1,1) at(72,1,1) at(73,1,1) at(74,1,1) at(75,1,1) at(76,1,1) at(77,1,1) at(78,1,1) at(79,1,1) at(80,1,1) at(81,1,1) at(82,1,1) at(83,1,1) at(84,1,1) at(85,1,1) at(86,1,1) at(87,1,1) at(88,1,1) at(89,1,1) at(90,1,1) at(91,1,1) at(92,1,1) at(93,1,1) at(94,1,1) at(95,1,1) at(96,1,1) at(97,1,1) at(98,1,1) at(99,1,1) at(0,2,1) at(1,2,1) at(2,2,1) at(3,2,1) at(4,2,1) at(5,2,1) at(6,2,1) at(7,2,1) at(8,2,1) at(9,2,1) at(10,2,1) at(11,2,1) at(12,2,1) at(13,2,1) at(14,2,1) at(15,2,1) at(16,2,1) at(17,2,1) at(18,2,1) at(19,2,1) at(20,2,1) at(21,2,1) at(22,2,1) at(23,2,1) at(24,2,1) at(25,2,1) at(26,2,1) at(27,2,1) at(28,2,1) at(29,2,1) at(30,2,1) at(31,2,1) at(32,2,1) at(33,2,1) at(34,2,1) at(35,2,1) at(36,2,1) at(37,2,1) at(38,2,1) at(39,2,1) at(40,2,1) at(41,2,1) at(42,2,1) at(43,2,1) at(44,2,1) at(45,2,1) at(46,2,1) at(47,2,1) at(48,2,1) at(49,2,1) at(50,2,1) at(51,2,1) at(52,2,1) at(53,2,1) at(54,2,1) at(55,2,1) at(56,2,1) at(57,2,1) at(58,2,1) at(59,2,1) at(60,2,1) at(61,2,1) at(62,2,1) at(63,2,1) at(64,2,1) at(65,2,1) at(66,2,1) at(67,2,1) at(68,2,1) at(69,2,1) at(70,2,1) at(71,2,1) at(72,2,1) at(73,2,1) at(74,2,1) at(75,2,1) at(76,2,1) at(77,2,1) at(78,2,1) at(79,2,1) at(80,2,1) at(81,2,1) at(82,2,1) at(83,2,1) at(84,2,1) at(85,2,1) at(86,2,1) at(87,2,1) at(88,2,1) at(89,2,1) at(90,2,1) at(91,2,1) at(92,2,1) at(93,2,1) at(94,2,1) at(95,2,1) at(96,2,1) at(97,2,1) at(98,2,1) at(99,2,1) at(0,3,1) at(1,3,1) at(2,3,1) at(3,3,1) at(4,3,1) at(5,3,1) at(6,3,1) at(7,3,1) at(8,3,1) at(9,3,1) at(10,3,1) at(11,3,1) at(12,3,1) at(13,3,1) at(14,3,1) at(15,3,1) at(16,3,1) at(17,3,1) at(18,3,1) at(19,3,1) at(20,3,1) at(21,3,1) at(22,3,1) at(23,3,1) at(24,3,1) at(25,3,1) at(26,3,1) at(27,3,1) at(28,3,1) at(29,3,1) at(30,3,1) at(31,3,1) at(32,3,1) at(33,3,1) at(34,3,1) at(35,3,1) at(36,3,1) at(37,3,1) at(38,3,1) at(39,3,1) at(40,3,1) at(41,3,1) at(42,3,1) at(43,3,1) at(44,3,1) at(45,3,1) at(46,3,1) at(47,3,1) at(48,3,1) at(49,3,1) at(50,3,1) at(51,3,1) at(52,3,1) at(53,3,1) at(54,3,1) at(55,3,1) at(56,3,1) at(57,3,1) at(58,3,1) at(59,3,1) at(60,3,1) at(61,3,1) at(62,3,1) at(63,3,1) at(64,3,1) at(65,3,1) at(66,3,1) at(67,3,1) at(68,3,1) at(69,3,1) at(70,3,1) at(71,3,1) at(72,3,1) at(73,3,1) at(74,3,1) at(75,3,1) at(76,3,1) at(77,3,1) at(78,3,1) at(79,3,1) at(80,3,1) at(81,3,1) at(82,3,1) at(83,3,1) at(84,3,1) at(85,3,1) at(86,3,1) at(87,3,1) at(88,3,1) at(89,3,1) at(90,3,1) at(91,3,1) at(92,3,1) at(93,3,1) at(94,3,1) at(95,3,1) at(96,3,1) at(97,3,1) at(98,3,1) at(99,3,1)
SATISFIABLE

Models       : 1+
Calls        : 1
Time         : 2.788s (Solving: 0.08s 1st Model: 0.08s Unsat: 0.00s)
CPU Time     : 2.641s
