clingo version 5.2.2
Reading from BasicVersion1.lp
Solving...
Answer: 1
at(0,0,1) at(1,0,1) at(2,0,1) at(3,0,1) at(4,0,1) at(5,0,1) at(6,0,1) at(7,0,1) at(8,0,1) at(9,0,1) at(10,0,1) at(11,0,1) at(12,0,1) at(13,0,1) at(14,0,1) at(15,0,1) at(16,0,1) at(17,0,1) at(18,0,1) at(19,0,1) at(20,0,1) at(21,0,1) at(22,0,1) at(23,0,1) at(24,0,1) at(25,0,1) at(26,0,1) at(27,0,1) at(28,0,1) at(29,0,1) at(30,0,1) at(31,0,1) at(32,0,1) at(33,0,1) at(34,0,1) at(35,0,1) at(36,0,1) at(37,0,1) at(38,0,1) at(39,0,1) at(40,0,1) at(41,0,1) at(42,0,1) at(43,0,1) at(44,0,1) at(45,0,1) at(46,0,1) at(47,0,1) at(48,0,1) at(49,0,1) at(50,0,1) at(51,0,1) at(52,0,1) at(53,0,1) at(54,0,1) at(55,0,1) at(56,0,1) at(57,0,1) at(58,0,1) at(59,0,1) at(60,0,1) at(61,0,1) at(62,0,1) at(63,0,1) at(64,0,1) at(65,0,1) at(66,0,1) at(67,0,1) at(68,0,1) at(69,0,1) at(70,0,1) at(71,0,1) at(72,0,1) at(73,0,1) at(74,0,1) at(75,0,1) at(76,0,1) at(77,0,1) at(78,0,1) at(79,0,1) at(80,0,1) at(81,0,1) at(82,0,1) at(83,0,1) at(84,0,1) at(85,0,1) at(86,0,1) at(87,0,1) at(88,0,1) at(89,0,1) at(90,0,1) at(91,0,1) at(92,0,1) at(93,0,1) at(94,0,1) at(95,0,1) at(96,0,1) at(97,0,1) at(98,0,1) at(99,0,1) at(0,1,5) at(1,1,0) at(2,1,0) at(3,1,0) at(4,1,0) at(5,1,0) at(6,1,2) at(7,1,0) at(8,1,5) at(9,1,0) at(10,1,0) at(11,1,5) at(12,1,4) at(13,1,0) at(14,1,0) at(15,1,0) at(16,1,0) at(17,1,0) at(18,1,0) at(19,1,0) at(20,1,0) at(21,1,0) at(22,1,0) at(23,1,0) at(24,1,0) at(25,1,4) at(26,1,0) at(27,1,5) at(28,1,0) at(29,1,0) at(30,1,0) at(31,1,0) at(32,1,0) at(33,1,0) at(34,1,0) at(35,1,0) at(36,1,0) at(37,1,0) at(38,1,0) at(39,1,0) at(40,1,0) at(41,1,0) at(42,1,0) at(43,1,0) at(44,1,0) at(45,1,0) at(46,1,0) at(47,1,0) at(48,1,0) at(49,1,0) at(50,1,0) at(51,1,0) at(52,1,0) at(53,1,0) at(54,1,0) at(55,1,5) at(56,1,3) at(57,1,0) at(58,1,0) at(59,1,0) at(60,1,0) at(61,1,0) at(62,1,0) at(63,1,0) at(64,1,0) at(65,1,0) at(66,1,0) at(67,1,0) at(68,1,0) at(69,1,0) at(70,1,0) at(71,1,0) at(72,1,0) at(73,1,0) at(74,1,0) at(75,1,0) at(76,1,0) at(77,1,0) at(78,1,0) at(79,1,0) at(80,1,0) at(81,1,0) at(82,1,0) at(83,1,0) at(84,1,0) at(85,1,0) at(86,1,0) at(87,1,0) at(88,1,0) at(89,1,0) at(90,1,0) at(91,1,0) at(92,1,0) at(93,1,0) at(94,1,0) at(95,1,0) at(96,1,0) at(97,1,0) at(98,1,0) at(99,1,0) at(0,2,0) at(1,2,0) at(2,2,2) at(3,2,2) at(4,2,0) at(5,2,0) at(6,2,0) at(7,2,2) at(8,2,0) at(9,2,5) at(10,2,5) at(11,2,5) at(12,2,5) at(13,2,3) at(14,2,0) at(15,2,0) at(16,2,0) at(17,2,0) at(18,2,0) at(19,2,0) at(20,2,0) at(21,2,0) at(22,2,0) at(23,2,0) at(24,2,0) at(25,2,0) at(26,2,0) at(27,2,0) at(28,2,0) at(29,2,0) at(30,2,0) at(31,2,0) at(32,2,0) at(33,2,0) at(34,2,0) at(35,2,0) at(36,2,0) at(37,2,0) at(38,2,0) at(39,2,0) at(40,2,0) at(41,2,0) at(42,2,0) at(43,2,0) at(44,2,0) at(45,2,0) at(46,2,0) at(47,2,0) at(48,2,0) at(49,2,0) at(50,2,0) at(51,2,0) at(52,2,0) at(53,2,0) at(54,2,0) at(55,2,0) at(56,2,0) at(57,2,0) at(58,2,0) at(59,2,0) at(60,2,0) at(61,2,0) at(62,2,0) at(63,2,0) at(64,2,0) at(65,2,0) at(66,2,0) at(67,2,0) at(68,2,0) at(69,2,0) at(70,2,0) at(71,2,0) at(72,2,0) at(73,2,0) at(74,2,0) at(75,2,0) at(76,2,0) at(77,2,0) at(78,2,0) at(79,2,0) at(80,2,0) at(81,2,0) at(82,2,0) at(83,2,0) at(84,2,0) at(85,2,0) at(86,2,0) at(87,2,0) at(88,2,0) at(89,2,0) at(90,2,0) at(91,2,0) at(92,2,0) at(93,2,0) at(94,2,0) at(95,2,0) at(96,2,0) at(97,2,0) at(98,2,0) at(99,2,0) at(0,3,0) at(1,3,0) at(2,3,0) at(3,3,0) at(4,3,5) at(5,3,2) at(6,3,2) at(7,3,2) at(8,3,0) at(9,3,0) at(10,3,2) at(11,3,0) at(12,3,0) at(13,3,2) at(14,3,0) at(15,3,0) at(16,3,0) at(17,3,0) at(18,3,5) at(19,3,5) at(20,3,5) at(21,3,5) at(22,3,5) at(23,3,5) at(24,3,5) at(25,3,5) at(26,3,5) at(27,3,5) at(28,3,0) at(29,3,0) at(30,3,2) at(31,3,0) at(32,3,0) at(33,3,0) at(34,3,0) at(35,3,0) at(36,3,0) at(37,3,0) at(38,3,0) at(39,3,0) at(40,3,0) at(41,3,0) at(42,3,0) at(43,3,0) at(44,3,0) at(45,3,0) at(46,3,0) at(47,3,0) at(48,3,0) at(49,3,0) at(50,3,0) at(51,3,0) at(52,3,0) at(53,3,0) at(54,3,0) at(55,3,0) at(56,3,0) at(57,3,0) at(58,3,0) at(59,3,0) at(60,3,0) at(61,3,0) at(62,3,0) at(63,3,0) at(64,3,0) at(65,3,0) at(66,3,0) at(67,3,0) at(68,3,0) at(69,3,0) at(70,3,0) at(71,3,0) at(72,3,0) at(73,3,0) at(74,3,0) at(75,3,0) at(76,3,0) at(77,3,0) at(78,3,0) at(79,3,0) at(80,3,0) at(81,3,0) at(82,3,0) at(83,3,0) at(84,3,0) at(85,3,0) at(86,3,0) at(87,3,0) at(88,3,0) at(89,3,0) at(90,3,0) at(91,3,0) at(92,3,0) at(93,3,0) at(94,3,0) at(95,3,0) at(96,3,0) at(97,3,0) at(98,3,0) at(99,3,3) at(0,4,0) at(1,4,3) at(2,4,0) at(3,4,3) at(4,4,0) at(5,4,3) at(6,4,0) at(7,4,3) at(8,4,0) at(9,4,0) at(10,4,0) at(11,4,3) at(12,4,0) at(13,4,0) at(14,4,0) at(15,4,0) at(16,4,0) at(17,4,0) at(18,4,0) at(19,4,0) at(20,4,0) at(21,4,0) at(22,4,0) at(23,4,0) at(24,4,0) at(25,4,0) at(26,4,0) at(27,4,0) at(28,4,0) at(29,4,0) at(30,4,0) at(31,4,0) at(32,4,0) at(33,4,0) at(34,4,0) at(35,4,0) at(36,4,0) at(37,4,0) at(38,4,0) at(39,4,0) at(40,4,0) at(41,4,0) at(42,4,0) at(43,4,0) at(44,4,0) at(45,4,0) at(46,4,0) at(47,4,0) at(48,4,0) at(49,4,0) at(50,4,0) at(51,4,0) at(52,4,0) at(53,4,0) at(54,4,0) at(55,4,0) at(56,4,0) at(57,4,0) at(58,4,0) at(59,4,0) at(60,4,0) at(61,4,0) at(62,4,0) at(63,4,0) at(64,4,0) at(65,4,0) at(66,4,0) at(67,4,0) at(68,4,0) at(69,4,0) at(70,4,0) at(71,4,0) at(72,4,0) at(73,4,0) at(74,4,0) at(75,4,0) at(76,4,0) at(77,4,0) at(78,4,0) at(79,4,0) at(80,4,0) at(81,4,0) at(82,4,0) at(83,4,0) at(84,4,0) at(85,4,0) at(86,4,0) at(87,4,0) at(88,4,0) at(89,4,0) at(90,4,0) at(91,4,0) at(92,4,0) at(93,4,0) at(94,4,0) at(95,4,0) at(96,4,0) at(97,4,0) at(98,4,0) at(99,4,0)
SATISFIABLE

Models       : 1+
Calls        : 1
Time         : 1.070s (Solving: 0.36s 1st Model: 0.36s Unsat: 0.00s)
CPU Time     : 1.062s
