1
1
1
1
1
1
1
1
1
1
1
1
1
1
1
1
1
1
1
1
1
1
1
1
1
1
1
1
1
1
1
1
1
1
1
1
1
1
1
1
1
1
1
1
1
1
1
1
1
1
1
1
1
1
1
1
1
1
1
1
1
1
1
1
1
1
1
1
1
1
1
1
1
1
1
1
1
1
1
1
1
1
1
1
1
1
1
1
1
1
1
1
1
1
1
1
1
1
1
1
18
18
3
3
0
19
3
19
4
19
18
19
18
8
0
19
7
19
3
0
19
19
18
19
3
3
0
0
3
13
0
19
0
12
19
5
0
3
18
19
3
0
19
18
18
5
2
3
0
18
18
3
18
19
19
19
19
18
0
3
3
3
0
18
3
19
12
3
19
0
19
19
3
0
13
19
18
0
6
19
3
18
0
19
19
19
0
0
3
18
0
19
0
18
9
3
0
19
3
18
18
19
18
3
3
19
3
18
12
19
0
0
0
3
0
18
14
12
19
3
3
0
12
3
19
0
3
18
18
18
19
18
18
0
13
10
12
3
3
9
0
3
18
19
20
3
0
0
19
14
0
19
3
19
19
3
18
3
19
3
2
19
2
0
19
19
19
3
0
19
3
19
4
3
18
19
19
3
0
18
0
18
3
0
19
19
0
19
0
20
18
0
11
3
18
3
19
19
18
3
3
0
18
3
19
0
18
3
19
0
18
0
0
13
18
0
13
3
3
0
11
18
3
18
0
0
18
19
18
3
0
0
0
0
3
3
18
18
0
14
7
0
19
18
19
0
0
10
3
0
18
18
18
0
3
3
19
0
18
13
0
0
19
18
18
0
18
0
19
0
19
3
18
3
19
3
0
19
3
4
3
0
19
19
3
19
3
3
18
18
18
19
6
8
0
3
18
19
0
0
