1
1
1
1
1
1
1
1
1
1
1
1
1
1
1
1
1
1
1
1
1
1
1
1
1
1
1
1
1
1
1
1
1
1
1
1
1
1
1
1
1
1
1
1
1
1
1
1
1
1
1
1
1
1
1
1
1
1
1
1
1
1
1
1
1
1
1
1
1
1
1
1
1
1
1
1
1
1
1
1
1
1
1
1
1
1
1
1
1
1
1
1
1
1
1
1
1
1
1
1
0
18
19
19
0
0
19
18
0
19
18
12
0
3
5
19
18
2
18
3
3
0
18
18
0
19
3
5
19
0
19
0
18
0
3
3
18
19
4
0
19
0
9
19
12
19
18
9
12
3
0
19
19
0
0
18
0
0
0
3
19
18
13
18
19
19
19
0
3
0
0
19
0
3
18
19
7
19
0
19
19
18
19
0
6
0
18
19
0
0
3
19
3
18
0
0
18
0
19
3
14
3
19
4
18
3
2
19
0
18
18
3
10
3
19
18
18
18
0
18
0
18
0
18
0
14
3
13
18
18
0
0
19
0
19
6
3
18
18
0
19
18
13
3
19
19
18
0
0
12
3
19
20
19
19
2
19
19
18
18
8
0
18
12
4
0
0
18
3
3
12
19
0
3
18
3
0
19
18
13
19
18
19
18
3
3
19
19
0
0
3
18
18
19
18
3
0
0
19
3
13
18
18
19
0
0
3
18
0
3
19
0
13
3
19
0
18
18
11
0
0
19
18
19
0
18
0
18
18
3
3
0
18
19
18
3
3
3
3
0
18
0
0
18
19
3
18
0
3
19
3
0
18
3
0
19
3
10
0
8
3
3
18
0
18
3
0
3
18
18
3
0
19
14
18
19
11
18
18
0
19
3
19
3
19
0
18
7
18
0
0
3
3
19
19
0
20
0
3
3
