1
1
1
1
1
1
1
1
1
1
1
1
1
1
1
1
1
1
1
1
1
1
1
1
1
1
1
1
1
1
1
1
1
1
1
1
1
1
1
1
1
1
1
1
1
1
1
1
1
1
1
1
1
1
1
1
1
1
1
1
1
1
1
1
1
1
1
1
1
1
1
1
1
1
1
1
1
1
1
1
1
1
1
1
1
1
1
1
1
1
1
1
1
1
1
1
1
1
1
1
3
0
3
18
18
18
0
3
18
18
0
3
18
19
19
18
18
19
19
0
0
0
0
0
0
0
0
0
0
18
18
18
3
0
19
0
3
3
0
18
5
3
3
3
18
18
0
4
3
18
19
0
6
3
18
3
19
0
19
18
19
19
19
18
3
19
2
19
18
19
13
0
3
3
18
18
18
0
19
13
19
13
18
0
19
18
3
3
19
3
3
18
0
3
0
19
4
19
3
0
14
3
3
19
3
8
19
0
12
18
3
18
0
3
12
19
18
18
19
19
0
0
13
18
0
0
3
18
19
0
0
0
14
0
19
9
20
19
18
0
12
12
18
3
19
19
19
3
0
18
19
0
0
0
3
18
18
7
18
18
3
0
0
0
19
18
4
0
19
3
18
3
18
19
19
18
0
18
3
12
19
3
3
3
19
19
18
19
0
3
3
19
12
0
3
18
18
0
19
0
3
19
19
6
19
3
19
0
18
3
19
0
3
0
0
0
3
20
2
18
2
0
5
19
3
8
11
0
19
3
19
3
0
19
13
3
3
3
0
3
3
19
0
18
18
3
19
19
19
18
19
18
19
19
3
0
19
0
7
14
0
18
18
19
0
0
18
19
3
19
18
13
9
19
19
18
18
19
3
11
19
18
3
3
18
3
0
19
18
19
0
10
19
19
0
0
18
18
10
19
