1
1
1
1
1
1
1
1
1
1
1
1
1
1
1
1
1
1
1
1
1
1
1
1
1
1
1
1
1
1
1
1
1
1
1
1
1
1
1
1
1
1
1
1
1
1
1
1
1
1
1
1
1
1
1
1
1
1
1
1
1
1
1
1
1
1
1
1
1
1
1
1
1
1
1
1
1
1
1
1
1
1
1
1
1
1
1
1
1
1
1
1
1
1
1
1
1
1
1
1
14
19
3
18
3
6
18
19
19
18
19
3
2
0
4
18
3
3
3
18
18
18
0
0
4
3
19
3
19
7
3
3
3
18
19
0
0
19
0
19
3
18
20
0
0
3
18
3
3
19
18
20
0
19
3
18
13
0
3
0
18
2
0
19
3
18
18
0
19
18
18
3
0
3
3
19
19
19
3
0
19
3
0
3
3
5
12
2
18
19
19
0
14
18
19
18
3
3
0
11
3
19
0
18
3
19
10
0
0
0
3
12
4
18
19
12
12
0
3
13
6
3
19
19
19
3
8
3
19
0
19
18
19
18
0
18
18
12
19
0
0
3
19
0
0
18
3
3
18
3
3
0
12
3
18
18
3
3
3
18
3
19
3
5
18
10
0
0
19
18
19
0
8
19
0
18
3
0
3
18
3
18
19
3
19
0
19
3
0
19
3
18
0
3
18
3
18
18
18
19
13
19
3
0
19
13
0
0
3
9
3
3
9
19
0
3
18
19
0
3
0
0
18
7
18
18
18
18
19
0
18
19
0
3
3
18
19
18
18
3
19
18
18
3
13
3
19
0
3
19
3
18
18
0
18
19
0
0
18
3
19
3
19
14
0
3
3
19
18
3
19
3
18
11
19
0
3
3
3
3
0
3
18
19
19
18
0
3
19
0
0
0
0
18
13
0
18
19
19
0
