1
1
1
1
1
1
1
1
1
1
1
1
1
1
1
1
1
1
1
1
1
1
1
1
1
1
1
1
1
1
1
1
1
1
1
1
1
1
1
1
1
1
1
1
1
1
1
1
1
1
1
1
1
1
1
1
1
1
1
1
1
1
1
1
1
1
1
1
1
1
1
1
1
1
1
1
1
1
1
1
1
1
1
1
1
1
1
1
1
1
1
1
1
1
1
1
1
1
1
1
11
18
18
18
19
3
0
3
3
18
0
6
4
19
19
0
3
18
19
3
3
19
19
3
18
0
18
0
18
0
0
0
0
3
19
0
18
19
19
18
8
18
12
0
19
19
0
11
0
3
19
18
0
0
4
18
19
19
19
19
3
3
3
0
10
18
0
18
18
19
18
3
0
2
18
18
3
12
18
19
19
0
18
19
19
3
3
3
19
0
12
19
19
0
19
4
19
14
0
3
0
3
3
19
5
18
19
3
2
18
18
18
0
0
18
19
3
19
6
19
20
19
19
0
19
3
19
18
3
8
19
3
19
0
3
3
3
19
19
18
3
3
19
10
0
3
18
19
3
3
18
3
12
2
0
3
3
12
18
18
19
0
3
3
3
13
9
18
0
0
18
13
3
12
0
0
18
0
18
0
18
19
19
0
18
0
3
19
3
0
19
19
19
0
18
0
0
18
18
18
19
3
3
18
0
18
19
19
0
20
19
19
19
3
0
0
18
19
0
3
18
19
19
18
0
3
0
0
19
19
0
19
0
18
13
19
3
18
3
9
19
19
3
18
19
18
7
18
18
19
3
19
3
18
5
18
3
13
0
3
19
19
18
13
3
0
0
7
0
3
3
13
0
14
18
19
19
0
18
18
18
19
18
18
19
19
14
18
0
18
19
19
19
18
3
0
0
19
0
19
