1
1
1
1
1
1
1
1
1
1
1
1
1
1
1
1
1
1
1
1
1
1
1
1
1
1
1
1
1
1
1
1
1
1
1
1
1
1
1
1
1
1
1
1
1
1
1
1
1
1
1
1
1
1
1
1
1
1
1
1
1
1
1
1
1
1
1
1
1
1
1
1
1
1
1
1
1
1
1
1
1
1
1
1
1
1
1
1
1
1
1
1
1
1
1
1
1
1
1
1
3
3
3
18
0
19
0
18
3
3
19
18
0
19
12
0
19
8
18
18
3
19
18
19
0
13
0
19
19
19
18
3
19
18
3
18
18
0
18
18
3
0
18
19
3
3
18
19
0
18
19
3
18
19
3
19
5
7
18
3
3
19
5
0
3
19
18
13
18
3
2
19
14
18
0
0
19
0
18
3
3
19
0
3
3
4
19
0
3
18
0
13
19
18
18
0
18
0
19
0
0
19
3
18
18
18
3
3
0
19
13
3
18
18
3
3
12
19
0
18
18
12
3
0
18
19
3
18
3
19
18
19
0
19
0
18
0
7
18
18
19
0
0
0
18
3
18
3
0
19
3
3
18
12
0
3
0
0
3
12
4
0
3
18
19
0
18
18
0
0
3
19
19
3
3
19
19
18
3
3
3
3
4
19
0
3
0
18
12
3
3
3
10
19
18
3
3
3
0
3
0
18
9
0
3
0
0
19
0
3
20
19
18
0
0
0
2
0
3
19
18
2
19
0
0
3
19
3
18
0
3
6
19
0
19
0
14
3
18
0
18
3
9
3
19
13
3
19
19
3
18
18
14
0
18
19
0
3
0
8
19
11
11
0
0
3
0
6
3
3
0
13
18
19
3
3
0
3
0
0
3
18
18
0
18
0
0
19
19
10
0
3
3
18
0
19
3
20
3
3
