1
1
1
1
1
1
1
1
1
1
1
1
1
1
1
1
1
1
1
1
1
1
1
1
1
1
1
1
1
1
1
1
1
1
1
1
1
1
1
1
1
1
1
1
1
1
1
1
1
1
1
1
1
1
1
1
1
1
1
1
1
1
1
1
1
1
1
1
1
1
1
1
1
1
1
1
1
1
1
1
1
1
1
1
1
1
1
1
1
1
1
1
1
1
1
1
1
1
1
1
3
19
0
3
3
3
18
3
18
0
19
19
0
3
19
3
0
19
19
0
19
18
0
0
0
0
5
0
18
18
19
19
0
3
18
0
19
18
18
3
0
13
18
0
18
7
19
0
0
0
12
0
18
19
18
18
19
18
0
18
18
3
18
3
18
0
19
3
18
18
3
19
19
18
20
18
19
3
19
3
0
12
18
3
0
3
0
3
19
19
18
0
0
18
19
13
3
3
3
0
18
18
0
18
19
18
19
3
0
4
18
12
3
19
19
3
19
0
0
3
0
18
3
11
3
19
19
19
3
3
14
18
0
19
3
19
8
18
12
19
19
3
19
18
18
0
18
19
3
19
0
10
0
18
3
3
3
12
0
18
0
19
9
18
0
0
0
9
3
19
18
19
18
18
3
0
20
0
19
0
0
3
3
19
19
3
0
0
5
18
19
12
11
18
6
0
19
19
0
19
3
19
0
19
3
13
3
18
18
0
0
18
19
19
7
19
3
4
19
3
0
0
0
18
14
18
18
0
0
18
13
3
0
3
18
3
3
19
8
19
19
18
18
0
18
19
13
18
19
18
18
3
4
14
19
2
0
0
3
3
3
3
3
0
3
3
0
3
19
2
10
19
18
19
19
18
0
6
18
3
0
18
19
3
3
19
19
19
2
18
13
19
0
18
0
3
3
0
18
18
