1
1
1
1
1
1
1
1
1
1
1
1
1
1
1
1
1
1
1
1
1
1
1
1
1
1
1
1
1
1
1
1
1
1
1
1
1
1
1
1
1
1
1
1
1
1
1
1
1
1
1
1
1
1
1
1
1
1
1
1
1
1
1
1
1
1
1
1
1
1
1
1
1
1
1
1
1
1
1
1
1
1
1
1
1
1
1
1
1
1
1
1
1
1
1
1
1
1
1
1
18
9
13
0
19
18
3
18
18
0
19
19
3
3
0
0
3
18
19
18
2
12
3
0
3
0
3
0
0
0
18
18
0
18
19
0
0
0
18
12
3
3
0
3
0
2
19
0
13
0
0
3
3
0
19
3
0
19
3
18
3
18
7
3
0
3
18
19
18
0
19
18
3
3
12
19
3
19
0
0
19
5
19
3
18
12
18
18
19
19
3
0
19
3
18
9
19
0
3
0
18
18
0
18
11
18
18
0
18
0
20
19
18
11
0
19
18
3
19
14
0
19
0
0
19
4
3
18
3
3
18
19
19
0
18
3
0
3
18
4
18
4
6
19
19
3
3
18
0
0
3
19
19
3
0
19
3
19
18
19
0
3
18
19
18
3
3
18
3
18
8
3
3
13
0
18
19
19
12
18
19
18
19
3
18
0
19
0
12
3
18
3
19
3
18
18
19
3
3
3
18
7
19
19
18
19
0
19
3
18
0
18
18
3
0
3
3
14
20
13
10
0
18
13
0
0
19
3
3
2
5
18
6
3
18
19
0
3
3
3
18
3
3
19
0
18
3
10
18
19
8
13
0
0
0
3
3
3
18
18
18
0
18
0
3
0
3
18
3
18
19
3
19
19
19
18
14
18
3
19
19
19
19
3
18
19
19
3
18
19
0
3
19
18
3
18
0
3
0
19
