1
1
1
1
1
1
1
1
1
1
1
1
1
1
1
1
1
1
1
1
1
1
1
1
1
1
1
1
1
1
1
1
1
1
1
1
1
1
1
1
1
1
1
1
1
1
1
1
1
1
1
1
1
1
1
1
1
1
1
1
1
1
1
1
1
1
1
1
1
1
1
1
1
1
1
1
1
1
1
1
1
1
1
1
1
1
1
1
1
1
1
1
1
1
1
1
1
1
1
1
18
13
3
0
12
19
19
19
18
0
19
0
0
0
19
3
19
3
0
19
19
18
0
12
20
3
0
19
13
6
19
0
0
0
19
0
19
3
19
0
0
18
19
19
18
3
0
18
0
19
3
3
18
19
3
13
0
19
0
3
18
18
18
3
18
19
0
18
0
0
19
0
2
0
3
19
3
19
18
19
12
18
18
3
14
11
3
8
0
3
18
3
18
12
3
3
19
0
19
19
19
0
3
18
8
18
19
19
18
10
7
18
9
3
6
0
18
3
18
19
0
0
0
18
18
19
19
19
0
3
19
19
19
18
0
0
3
18
3
18
19
14
3
18
18
10
0
2
0
19
18
20
0
0
3
19
0
12
19
3
3
13
0
3
0
5
0
0
18
2
3
0
0
19
18
3
0
3
19
18
0
18
19
13
18
0
19
0
12
0
0
3
3
11
19
3
18
0
3
18
3
19
0
0
19
3
19
3
18
18
3
3
0
0
0
19
3
9
18
0
18
0
19
18
19
3
19
0
19
4
3
19
19
0
19
0
19
5
18
3
19
18
0
0
19
0
0
3
19
3
19
19
18
3
3
3
19
0
3
19
19
18
0
19
0
18
19
3
3
0
3
7
19
0
19
0
3
19
19
3
3
3
4
19
3
3
18
3
0
0
4
3
18
13
18
14
0
19
3
0
