1
1
1
1
1
1
1
1
1
1
1
1
1
1
1
1
1
1
1
1
1
1
1
1
1
1
1
1
1
1
1
1
1
1
1
1
1
1
1
1
1
1
1
1
1
1
1
1
1
1
1
1
1
1
1
1
1
1
1
1
1
1
1
1
1
1
1
1
1
1
1
1
1
1
1
1
1
1
1
1
1
1
1
1
1
1
1
1
1
1
1
1
1
1
1
1
1
1
1
1
0
19
2
18
0
18
3
18
14
13
3
12
18
0
4
19
12
18
18
0
18
0
3
0
13
0
18
19
6
3
18
3
19
18
19
19
18
0
19
18
3
18
18
0
0
0
0
18
19
18
19
0
0
3
19
20
18
3
0
19
18
0
8
18
18
3
19
19
0
18
20
18
18
3
3
18
3
11
0
7
19
3
18
19
0
12
19
13
0
19
18
0
0
3
19
0
18
19
19
19
0
19
19
0
0
18
3
0
18
18
12
18
18
19
0
18
3
3
19
18
19
19
3
3
18
19
2
10
0
18
19
19
0
0
3
18
0
19
18
9
18
0
18
19
18
18
18
0
9
3
0
3
19
0
19
11
13
19
3
3
3
19
10
0
19
18
19
18
19
0
0
0
19
3
19
19
12
19
18
12
0
19
13
19
19
3
3
0
6
19
3
0
3
18
0
19
0
0
18
3
14
0
18
19
19
0
3
18
19
19
3
18
19
3
18
3
3
7
0
3
3
3
4
0
18
18
18
19
0
3
3
19
18
0
5
19
0
3
19
0
3
0
0
19
5
18
0
18
0
3
8
3
3
3
3
18
19
3
19
18
3
19
3
3
3
19
0
0
3
2
19
19
18
0
3
3
0
3
19
19
0
3
18
3
18
0
0
3
0
4
19
0
0
0
18
3
19
14
18
13
