1
1
1
1
1
1
1
1
1
1
1
1
1
1
1
1
1
1
1
1
1
1
1
1
1
1
1
1
1
1
1
1
1
1
1
1
1
1
1
1
1
1
1
1
1
1
1
1
1
1
1
1
1
1
1
1
1
1
1
1
1
1
1
1
1
1
1
1
1
1
1
1
1
1
1
1
1
1
1
1
1
1
1
1
1
1
1
1
1
1
1
1
1
1
1
1
1
1
1
1
18
3
3
19
19
19
18
3
0
19
0
0
18
0
18
19
19
6
18
19
19
18
6
18
2
14
19
8
19
3
0
3
10
10
12
3
19
0
18
18
19
18
13
3
9
19
0
19
19
3
0
19
0
3
3
0
3
3
0
18
0
18
0
3
18
19
5
0
3
18
18
3
3
3
0
19
3
3
18
18
19
3
0
18
0
3
18
18
0
19
19
18
18
19
19
3
19
18
19
3
3
3
3
12
19
18
0
19
0
3
18
12
3
3
18
12
3
0
18
0
19
3
19
19
3
0
19
3
3
3
0
3
20
13
19
19
18
3
19
0
0
3
19
19
7
0
0
2
12
7
3
9
19
18
0
3
18
3
3
19
18
19
19
18
0
0
14
18
19
18
19
3
3
0
19
3
18
2
3
19
3
18
18
0
3
19
18
19
0
4
3
19
0
12
18
19
18
0
13
19
0
3
18
19
18
19
3
19
0
18
19
18
19
3
18
3
18
18
3
3
13
18
0
11
0
3
3
19
18
18
18
3
19
3
19
3
18
3
3
18
0
14
0
3
3
19
19
18
11
4
20
0
0
3
3
19
19
8
0
3
3
0
19
0
0
19
18
18
3
18
0
18
3
3
0
19
0
19
19
13
19
19
19
3
3
13
0
0
4
0
0
0
5
0
19
19
0
0
0
18
