1
1
1
1
1
1
1
1
1
1
1
1
1
1
1
1
1
1
1
1
1
1
1
1
1
1
1
1
1
1
1
1
1
1
1
1
1
1
1
1
1
1
1
1
1
1
1
1
1
1
1
1
1
1
1
1
1
1
1
1
1
1
1
1
1
1
1
1
1
1
1
1
1
1
1
1
1
1
1
1
1
1
1
1
1
1
1
1
1
1
1
1
1
1
1
1
1
1
1
1
19
13
19
18
0
0
19
12
19
3
0
0
19
18
3
0
13
19
19
19
0
3
3
3
4
18
18
18
18
19
19
0
19
3
3
3
0
3
7
19
19
9
0
8
19
19
3
18
0
18
3
0
18
18
20
6
18
3
18
19
18
19
12
18
3
0
18
0
9
0
3
13
0
0
19
19
18
3
3
0
0
3
19
19
3
18
19
2
18
19
19
4
3
18
19
19
19
3
3
0
0
13
3
18
0
0
3
3
0
14
19
19
19
19
0
3
3
14
18
18
18
6
7
11
18
3
3
3
0
18
3
19
3
19
3
4
8
0
19
18
3
2
0
0
3
10
0
19
3
3
18
18
3
3
19
19
19
18
5
12
3
0
3
19
3
18
19
18
18
18
12
19
0
13
3
19
12
3
0
3
19
3
12
0
18
0
18
19
18
18
18
3
19
19
18
18
3
3
19
3
19
14
18
18
19
18
3
0
18
19
18
19
18
19
0
18
18
19
19
0
20
19
0
19
3
3
3
19
18
19
19
0
18
19
19
18
18
11
19
3
18
0
18
0
0
19
0
0
18
0
19
19
19
18
18
19
19
5
3
18
0
0
18
19
19
18
19
2
0
0
18
3
3
0
18
3
19
18
18
19
3
0
19
10
0
19
19
19
18
3
19
0
18
19
18
3
19
13
19
0
