1
1
1
1
1
1
1
1
1
1
1
1
1
1
1
1
1
1
1
1
1
1
1
1
1
1
1
1
1
1
1
1
1
1
1
1
1
1
1
1
1
1
1
1
1
1
1
1
1
1
1
1
1
1
1
1
1
1
1
1
1
1
1
1
1
1
1
1
1
1
1
1
1
1
1
1
1
1
1
1
1
1
1
1
1
1
1
1
1
1
1
1
1
1
1
1
1
1
1
1
0
0
0
12
19
19
3
0
19
3
14
12
0
18
0
3
19
19
19
0
7
19
0
13
19
19
3
19
0
18
0
18
0
18
19
3
18
18
12
18
19
3
0
3
0
10
19
18
19
18
19
0
3
0
3
18
18
3
19
3
3
6
18
19
2
8
6
19
0
2
18
3
19
18
4
3
3
3
0
0
8
19
0
18
3
13
3
13
18
19
0
3
3
3
20
19
18
18
3
19
18
3
3
18
3
12
4
0
18
0
18
14
0
18
7
3
3
3
3
19
3
3
18
0
3
19
18
19
19
19
19
19
3
13
0
18
0
0
19
3
19
3
3
0
0
3
3
18
19
3
3
18
3
18
0
19
19
19
3
0
18
0
2
0
12
19
19
3
3
19
0
0
9
0
0
0
10
0
3
3
3
12
3
18
3
3
0
18
18
3
19
0
0
18
18
11
0
19
19
19
3
0
0
14
19
18
3
18
3
19
5
3
3
18
18
0
3
3
18
19
19
19
19
3
18
5
0
19
4
3
19
13
19
18
19
3
20
3
18
19
3
18
0
19
3
3
19
0
19
3
11
0
0
19
13
0
0
19
18
18
0
19
18
19
19
19
19
19
0
3
18
18
18
3
3
18
0
0
3
18
3
18
3
18
3
18
19
0
3
18
0
0
0
3
0
3
19
9
19
19
