1
1
1
1
1
1
1
1
1
1
1
1
1
1
1
1
1
1
1
1
1
1
1
1
1
1
1
1
1
1
1
1
1
1
1
1
1
1
1
1
1
1
1
1
1
1
1
1
1
1
1
1
1
1
1
1
1
1
1
1
1
1
1
1
1
1
1
1
1
1
1
1
1
1
1
1
1
1
1
1
1
1
1
1
1
1
1
1
1
1
1
1
1
1
1
1
1
1
1
1
0
19
0
0
19
2
0
18
19
18
12
3
19
18
0
19
3
18
3
13
0
12
0
19
3
3
0
12
6
4
18
19
18
8
18
3
0
19
0
3
20
0
0
19
0
0
0
19
0
19
19
3
0
19
3
18
3
19
12
3
3
4
11
3
3
18
0
18
18
19
3
0
19
2
8
0
0
0
3
0
3
0
7
3
18
18
19
0
0
3
3
0
19
13
20
13
19
19
18
3
0
19
0
13
3
19
3
18
9
18
3
3
0
7
0
2
13
18
14
3
3
19
18
0
18
0
6
13
18
19
0
4
18
3
19
0
0
3
19
3
0
3
3
12
18
18
18
3
18
0
19
0
18
0
19
18
14
3
3
0
14
19
19
19
3
3
18
19
0
19
18
10
19
18
3
0
0
0
0
12
19
3
3
0
18
3
19
0
19
19
3
3
3
0
3
19
18
0
0
0
18
0
0
19
3
3
19
0
3
3
3
10
18
0
18
0
19
0
3
18
3
19
18
0
0
19
3
19
3
0
18
11
5
19
19
3
0
0
0
19
0
18
18
18
18
3
18
19
3
0
19
18
18
18
19
19
0
9
0
19
0
19
18
18
5
0
3
0
0
19
19
0
19
3
19
19
18
3
18
18
0
0
19
3
3
3
19
18
3
19
0
18
0
3
3
19
3
0
19
3
