1
1
1
1
1
1
1
1
1
1
1
1
1
1
1
1
1
1
1
1
1
1
1
1
1
1
1
1
1
1
1
1
1
1
1
1
1
1
1
1
1
1
1
1
1
1
1
1
1
1
1
1
1
1
1
1
1
1
1
1
1
1
1
1
1
1
1
1
1
1
1
1
1
1
1
1
1
1
1
1
1
1
1
1
1
1
1
1
1
1
1
1
1
1
1
1
1
1
1
1
0
18
0
0
0
18
3
19
12
0
19
3
19
0
18
3
12
18
3
19
14
3
8
4
2
19
0
0
3
6
12
3
0
0
0
3
4
18
18
0
18
0
9
0
18
19
18
19
18
3
9
18
3
3
19
0
18
2
3
3
19
14
0
0
3
12
5
0
10
18
0
19
0
19
3
19
3
19
18
19
5
3
0
3
3
19
3
0
19
3
18
19
18
19
0
0
7
3
19
18
0
3
0
0
12
2
0
19
18
19
19
19
0
0
18
19
19
0
19
19
3
19
0
4
19
19
3
19
19
14
19
0
3
18
13
19
7
3
0
12
18
19
18
3
0
0
19
3
0
19
0
0
19
19
18
11
19
3
13
3
18
3
11
19
3
3
19
3
0
13
18
3
0
19
18
19
0
13
18
3
19
3
18
18
3
18
3
3
18
3
18
0
18
3
3
3
0
19
3
3
18
6
19
19
3
20
18
0
3
19
10
0
0
3
19
3
18
18
18
19
3
18
18
18
19
0
18
20
18
19
19
0
18
0
19
0
8
19
18
18
19
3
18
3
19
3
19
19
3
3
3
0
18
0
19
18
19
19
0
19
18
18
0
19
19
19
3
0
0
19
19
3
19
19
0
0
3
19
18
18
18
0
0
0
13
0
3
13
19
19
3
0
0
18
3
3
18
18
3
18
