1
1
1
1
1
1
1
1
1
1
1
1
1
1
1
1
1
1
1
1
1
1
1
1
1
1
1
1
1
1
1
1
1
1
1
1
1
1
1
1
1
1
1
1
1
1
1
1
1
1
1
1
1
1
1
1
1
1
1
1
1
1
1
1
1
1
1
1
1
1
1
1
1
1
1
1
1
1
1
1
1
1
1
1
1
1
1
1
1
1
1
1
1
1
1
1
1
1
1
1
19
3
19
0
11
19
18
6
18
19
19
19
19
12
0
3
19
19
18
0
12
19
3
0
0
0
0
14
3
0
19
0
19
0
3
18
18
13
3
0
19
3
3
19
2
0
13
3
3
13
3
3
19
19
18
19
3
3
3
0
3
3
18
5
18
19
0
0
0
3
18
18
3
19
3
3
3
19
12
7
19
3
18
3
8
3
18
9
0
18
18
0
0
18
3
19
3
0
19
18
19
19
19
19
13
0
9
3
0
8
3
18
10
19
18
12
3
18
19
18
0
18
3
19
0
3
19
18
11
3
3
3
19
19
18
0
18
18
19
19
3
3
18
18
18
0
19
19
18
12
19
18
18
18
19
18
19
0
0
3
19
18
12
18
3
19
3
18
0
19
19
0
0
0
3
18
0
19
0
18
14
18
0
19
19
18
0
4
18
3
0
19
18
19
0
19
18
0
3
19
13
0
3
19
18
19
19
19
19
0
18
0
3
18
19
18
19
3
0
14
0
19
18
18
0
19
2
3
18
0
3
0
19
20
2
19
19
19
3
0
0
0
18
3
18
0
0
19
18
4
0
19
5
19
3
3
6
18
0
19
19
18
13
3
19
20
0
18
3
19
3
18
3
0
0
0
3
0
3
3
3
0
3
0
19
18
19
0
4
3
7
0
19
18
3
10
19
19
3
0
