1
1
1
1
1
1
1
1
1
1
1
1
1
1
1
1
1
1
1
1
1
1
1
1
1
1
1
1
1
1
1
1
1
1
1
1
1
1
1
1
1
1
1
1
1
1
1
1
1
1
1
1
1
1
1
1
1
1
1
1
1
1
1
1
1
1
1
1
1
1
1
1
1
1
1
1
1
1
1
1
1
1
1
1
1
1
1
1
1
1
1
1
1
1
1
1
1
1
1
1
0
13
18
0
12
9
3
3
3
0
19
18
19
20
3
20
0
19
18
19
19
18
3
3
18
0
19
0
18
18
19
0
19
3
18
3
3
13
0
5
0
19
3
3
8
0
3
3
19
0
18
0
18
19
18
3
0
0
0
3
18
18
18
0
18
3
3
3
0
0
19
5
19
19
3
18
0
18
18
12
18
14
18
3
0
18
19
3
6
3
6
0
19
3
0
9
3
0
18
19
0
0
3
13
7
18
19
19
18
3
0
19
19
3
10
3
19
12
19
18
3
14
18
18
11
19
3
0
19
0
19
0
18
19
19
18
19
0
3
19
0
0
0
3
3
18
3
3
18
19
3
3
0
19
4
3
19
0
0
3
3
18
3
19
12
3
0
12
19
19
19
18
18
0
19
0
19
4
19
12
18
18
14
19
3
0
18
19
18
3
3
18
13
18
19
0
3
3
19
11
3
18
13
19
0
3
0
19
0
0
3
18
18
0
19
18
19
3
3
18
0
0
18
0
18
2
3
18
19
0
0
19
19
0
0
0
0
3
19
18
3
4
18
3
0
3
10
19
19
19
2
19
18
0
0
13
7
19
19
0
19
0
18
2
18
0
19
0
3
18
0
0
19
0
3
19
0
18
19
0
18
3
19
3
3
3
0
19
0
0
0
3
18
3
0
0
3
18
8
19
