1
1
1
1
1
1
1
1
1
1
1
1
1
1
1
1
1
1
1
1
1
1
1
1
1
1
1
1
1
1
1
1
1
1
1
1
1
1
1
1
1
1
1
1
1
1
1
1
1
1
1
1
1
1
1
1
1
1
1
1
1
1
1
1
1
1
1
1
1
1
1
1
1
1
1
1
1
1
1
1
1
1
1
1
1
1
1
1
1
1
1
1
1
1
1
1
1
1
1
1
18
12
18
3
18
19
0
18
0
0
19
0
18
3
7
3
18
4
2
18
0
18
3
18
18
18
4
3
19
18
19
0
19
18
19
18
3
0
3
0
3
6
18
19
19
19
18
0
3
3
19
3
11
3
18
19
0
3
19
0
18
0
18
18
19
19
20
19
0
0
3
0
0
0
18
3
19
14
14
0
10
3
0
19
19
18
19
19
0
3
19
3
19
12
18
0
0
19
0
3
18
19
18
13
3
3
0
19
12
0
18
3
0
14
9
3
18
3
19
18
18
6
18
13
11
12
18
3
19
18
20
19
3
3
19
3
0
18
3
18
18
18
19
18
0
12
18
19
18
19
18
0
19
5
19
18
4
3
19
18
3
19
3
3
18
18
19
3
0
0
13
12
19
18
3
19
18
0
0
18
0
19
0
3
19
3
18
19
3
19
18
18
3
18
13
3
19
0
3
0
19
3
19
18
3
18
0
0
0
19
7
19
3
18
0
19
0
0
0
18
18
3
18
19
3
3
18
0
18
10
0
0
18
3
19
19
0
3
9
3
18
3
19
3
3
8
0
19
3
3
3
13
18
3
3
3
0
0
19
18
3
19
13
3
0
0
0
3
0
2
3
18
19
19
8
18
19
19
3
0
3
3
0
0
5
19
2
19
3
3
18
19
19
0
0
0
0
19
3
18
