1
1
1
1
1
1
1
1
1
1
1
1
1
1
1
1
1
1
1
1
1
1
1
1
1
1
1
1
1
1
1
1
1
1
1
1
1
1
1
1
1
1
1
1
1
1
1
1
1
1
1
1
1
1
1
1
1
1
1
1
1
1
1
1
1
1
1
1
1
1
1
1
1
1
1
1
1
1
1
1
1
1
1
1
1
1
1
1
1
1
1
1
1
1
1
1
1
1
1
1
0
19
0
0
0
0
3
18
3
18
0
19
0
0
3
12
18
0
13
18
18
3
19
3
19
12
19
3
19
19
19
18
18
19
2
19
18
19
19
19
19
12
19
0
18
13
18
19
0
0
18
4
3
18
3
3
19
13
0
18
19
0
0
0
18
18
19
0
18
18
3
18
0
3
3
0
3
18
7
0
3
19
0
12
18
4
0
18
18
18
18
0
0
18
0
19
5
3
20
0
18
0
18
0
18
0
18
12
19
19
0
19
3
18
3
0
18
18
0
0
19
18
3
0
2
18
19
19
18
3
3
12
0
9
18
3
19
0
18
18
3
19
14
3
0
3
18
0
18
18
4
19
0
18
0
18
8
19
0
19
19
3
18
0
19
6
19
19
18
0
20
18
19
3
19
18
19
3
19
14
19
0
19
19
18
0
3
11
19
0
6
3
19
0
19
13
3
0
3
0
18
18
0
19
18
13
19
3
3
19
0
18
19
0
19
19
19
18
0
18
0
18
19
18
3
3
8
19
18
19
10
19
5
3
18
19
2
3
0
19
19
19
19
18
19
18
3
0
19
13
14
19
0
19
11
0
19
18
19
19
18
18
0
18
0
19
0
0
0
19
18
19
19
0
18
0
3
3
19
9
19
3
0
3
18
3
18
18
3
7
19
3
19
3
3
18
19
19
10
19
