1
1
1
1
1
1
1
1
1
1
1
1
1
1
1
1
1
1
1
1
1
1
1
1
1
1
1
1
1
1
1
1
1
1
1
1
1
1
1
1
1
1
1
1
1
1
1
1
1
1
1
1
1
1
1
1
1
1
1
1
1
1
1
1
1
1
1
1
1
1
1
1
1
1
1
1
1
1
1
1
1
1
1
1
1
1
1
1
1
1
1
1
1
1
1
1
1
1
1
1
3
3
3
19
19
3
3
12
3
18
3
0
0
0
18
3
19
19
8
18
0
19
3
19
3
3
0
18
3
0
19
19
18
3
19
0
18
0
19
0
19
3
3
18
19
18
18
3
18
3
12
18
3
3
19
3
18
0
3
19
18
18
9
0
19
3
0
0
19
0
3
18
0
19
18
19
18
3
3
2
3
0
13
0
18
0
0
0
12
12
0
19
19
0
0
0
0
3
18
0
0
0
19
18
3
18
12
3
19
0
0
19
18
0
18
0
19
19
3
6
3
2
18
18
19
3
18
4
11
18
19
7
18
3
18
0
7
0
3
18
0
18
19
3
18
18
3
0
3
3
0
18
0
18
0
19
3
13
18
18
13
3
13
18
0
3
5
9
19
19
18
6
13
18
19
3
18
19
18
18
0
0
3
18
2
3
18
12
3
18
3
14
18
0
20
19
0
0
18
19
19
3
0
18
19
19
18
3
20
0
18
3
18
18
0
19
0
0
19
4
0
10
11
18
3
19
0
19
13
18
18
4
18
19
18
3
19
18
14
0
0
18
3
3
8
19
3
3
18
5
19
18
18
19
19
0
0
19
3
3
19
18
18
19
18
0
0
18
0
10
18
0
19
3
3
18
18
19
0
18
18
0
18
19
0
18
3
3
0
3
14
0
3
19
3
3
18
3
18
0
