1
1
1
1
1
1
1
1
1
1
1
1
1
1
1
1
1
1
1
1
1
1
1
1
1
1
1
1
1
1
1
1
1
1
1
1
1
1
1
1
1
1
1
1
1
1
1
1
1
1
1
1
1
1
1
1
1
1
1
1
1
1
1
1
1
1
1
1
1
1
1
1
1
1
1
1
1
1
1
1
1
1
1
1
1
1
1
1
1
1
1
1
1
1
1
1
1
1
1
1
19
2
3
0
18
18
3
18
3
0
18
7
18
3
3
0
0
3
18
11
3
19
14
19
0
19
0
0
18
18
19
3
19
12
19
13
19
3
3
0
3
0
18
0
19
0
4
3
4
3
3
19
0
18
0
3
19
19
19
3
3
0
0
3
0
0
18
18
18
18
19
3
0
3
19
20
0
18
3
18
0
0
3
3
3
19
0
18
3
3
18
0
18
18
0
19
18
3
0
19
0
3
18
18
18
3
0
3
3
0
0
3
19
18
12
0
3
3
3
3
3
0
0
18
19
3
3
5
19
6
0
0
18
19
19
18
18
18
3
0
18
19
9
18
3
12
19
0
18
0
5
0
0
2
12
19
0
19
18
19
18
19
18
0
0
3
19
0
19
0
0
19
18
0
13
19
0
12
0
12
19
18
13
20
18
8
18
3
3
0
18
0
0
3
19
8
13
19
18
3
3
7
3
18
3
19
3
18
19
18
19
11
0
6
3
0
0
0
18
18
3
18
3
0
19
19
0
0
3
19
0
19
3
19
18
19
19
18
0
3
19
9
18
18
3
14
10
3
3
3
19
3
13
0
19
0
3
19
0
3
18
0
18
10
18
19
14
18
18
0
13
3
19
3
18
3
18
18
19
19
3
18
3
2
0
18
0
19
0
0
18
0
19
19
3
18
4
0
0
18
