1
1
1
1
1
1
1
1
1
1
1
1
1
1
1
1
1
1
1
1
1
1
1
1
1
1
1
1
1
1
1
1
1
1
1
1
1
1
1
1
1
1
1
1
1
1
1
1
1
1
1
1
1
1
1
1
1
1
1
1
1
1
1
1
1
1
1
1
1
1
1
1
1
1
1
1
1
1
1
1
1
1
1
1
1
1
1
1
1
1
1
1
1
1
1
1
1
1
1
1
19
0
18
19
3
19
0
0
3
19
18
19
18
18
3
13
3
3
19
18
3
9
18
19
19
18
19
4
18
19
3
3
18
3
0
3
0
3
0
19
3
18
19
0
0
3
18
3
3
3
0
3
2
0
12
0
18
19
18
0
0
4
20
0
19
19
19
3
3
0
18
3
0
18
0
12
3
13
18
18
0
19
19
10
19
18
3
18
3
3
18
18
0
19
7
19
3
3
19
18
19
5
12
18
0
0
18
0
19
18
19
19
18
18
3
18
7
12
14
0
19
13
18
18
0
0
0
18
3
0
0
19
8
0
0
19
3
19
19
3
0
18
3
12
12
0
0
6
0
0
19
18
0
3
18
3
19
0
3
0
0
18
18
18
18
18
19
19
0
18
14
2
19
18
0
19
18
0
19
3
0
3
19
2
3
0
19
0
3
18
19
3
19
18
18
18
18
0
0
0
18
0
0
11
0
4
0
19
3
18
18
0
3
0
3
0
13
19
5
0
10
3
19
18
3
18
0
18
0
19
3
0
3
18
18
3
19
3
0
3
3
18
18
3
3
14
6
19
0
19
18
19
18
18
18
19
19
11
3
3
18
19
18
3
18
3
3
9
3
3
0
0
20
0
0
19
19
0
18
3
18
13
19
13
3
0
19
3
0
19
3
8
3
0
18
19
3
18
3
3
