1
1
1
1
1
1
1
1
1
1
1
1
1
1
1
1
1
1
1
1
1
1
1
1
1
1
1
1
1
1
1
1
1
1
1
1
1
1
1
1
1
1
1
1
1
1
1
1
1
1
1
1
1
1
1
1
1
1
1
1
1
1
1
1
1
1
1
1
1
1
1
1
1
1
1
1
1
1
1
1
1
1
1
1
1
1
1
1
1
1
1
1
1
1
1
1
1
1
1
1
18
0
19
3
0
0
3
14
0
19
18
19
0
19
18
19
0
18
13
14
18
3
19
0
18
3
12
19
3
18
0
20
18
19
18
18
19
19
19
19
18
3
3
5
3
5
19
19
4
13
3
19
3
19
0
19
3
19
0
0
19
19
0
0
18
19
0
3
3
19
18
19
12
18
19
12
18
19
3
18
3
0
3
14
3
19
3
3
13
0
3
18
3
3
19
0
19
11
19
3
18
0
0
18
18
0
18
18
3
19
0
3
3
18
18
19
0
3
18
0
18
0
13
0
0
0
0
0
9
0
18
19
0
0
0
19
18
3
18
3
3
0
13
18
8
18
20
3
18
0
12
3
19
3
0
18
18
3
3
18
0
4
19
19
18
3
3
2
18
19
10
3
18
18
19
19
0
12
18
3
0
0
19
0
18
3
18
19
3
18
19
13
18
19
12
3
19
0
18
19
3
3
19
3
6
19
18
3
19
18
19
19
3
19
0
3
18
19
19
19
3
3
3
18
0
19
18
0
18
18
19
19
3
18
18
19
0
19
3
19
0
3
18
0
18
4
7
6
10
3
8
3
18
2
18
18
19
18
0
0
19
18
3
0
3
3
18
18
19
18
3
3
18
0
3
18
3
7
3
18
19
9
0
0
0
2
3
0
11
0
18
0
0
3
0
3
0
18
0
3
