1
1
1
1
1
1
1
1
1
1
1
1
1
1
1
1
1
1
1
1
1
1
1
1
1
1
1
1
1
1
1
1
1
1
1
1
1
1
1
1
1
1
1
1
1
1
1
1
1
1
1
1
1
1
1
1
1
1
1
1
1
1
1
1
1
1
1
1
1
1
1
1
1
1
1
1
1
1
1
1
1
1
1
1
1
1
1
1
1
1
1
1
1
1
1
1
1
1
1
1
3
2
18
3
19
3
3
7
6
0
19
0
18
3
18
18
10
0
19
19
0
3
0
3
19
19
0
18
11
12
3
18
3
0
3
18
3
3
0
0
11
0
19
18
18
4
18
18
3
18
19
0
13
2
19
3
18
3
0
3
0
18
5
19
19
0
3
6
19
0
18
18
0
13
0
19
0
9
19
18
19
0
14
19
0
3
18
18
18
18
12
19
0
0
3
3
0
18
0
3
3
14
3
18
19
2
19
19
0
3
19
3
3
18
3
19
18
18
3
0
10
12
0
18
3
4
3
3
0
7
0
3
3
18
19
3
19
0
3
3
18
12
3
3
3
3
13
0
3
19
13
12
19
18
3
18
0
19
18
3
0
8
0
19
18
18
0
3
0
18
0
18
12
18
18
19
19
18
18
3
19
3
0
19
3
4
0
0
3
3
0
19
19
19
0
3
18
0
19
3
3
0
19
3
18
0
0
18
19
18
19
0
19
18
3
19
19
0
3
3
3
0
0
18
3
18
18
20
0
19
14
18
0
3
9
18
3
18
19
0
18
0
3
19
0
0
13
19
3
19
3
18
18
0
20
19
5
3
19
19
18
19
19
0
0
19
19
3
3
18
0
3
8
0
19
0
18
19
19
18
19
0
13
18
18
19
3
0
3
19
18
18
18
0
3
18
19
3
18
0
