1
1
1
1
1
1
1
1
1
1
1
1
1
1
1
1
1
1
1
1
1
1
1
1
1
1
1
1
1
1
1
1
1
1
1
1
1
1
1
1
1
1
1
1
1
1
1
1
1
1
1
1
1
1
1
1
1
1
1
1
1
1
1
1
1
1
1
1
1
1
1
1
1
1
1
1
1
1
1
1
1
1
1
1
1
1
1
1
1
1
1
1
1
1
1
1
1
1
1
1
18
18
3
0
19
8
6
13
0
0
19
3
19
19
19
18
18
0
0
3
18
3
12
3
0
18
0
0
18
3
0
18
18
12
19
3
0
0
19
18
10
5
3
19
2
14
3
18
3
19
19
0
3
7
12
0
3
18
19
19
3
3
19
0
0
3
18
19
0
18
18
18
18
18
19
0
18
3
3
2
19
0
0
19
19
18
4
18
0
19
18
19
3
19
19
0
0
19
19
0
18
18
0
18
18
18
19
13
18
3
3
3
18
18
4
3
3
3
3
3
18
3
0
10
3
3
11
3
3
19
0
19
18
18
3
0
19
3
3
3
18
0
9
12
18
19
19
18
3
19
3
20
19
3
19
18
3
18
0
3
18
0
0
9
18
0
0
0
12
0
19
0
18
0
0
13
3
3
18
0
12
0
18
3
6
0
3
19
18
0
19
0
3
18
0
0
19
19
18
19
19
3
3
0
19
19
0
0
3
20
3
0
3
3
0
3
14
3
19
11
3
0
4
3
19
14
3
3
0
19
0
0
18
18
0
18
19
3
3
18
19
7
3
3
19
0
19
18
19
18
18
18
3
19
19
13
0
19
0
19
3
3
2
8
19
19
19
3
13
19
18
3
19
19
18
3
19
3
3
18
19
18
19
19
19
3
18
18
18
0
19
13
0
18
5
18
0
3
3
0
