1
1
1
1
1
1
1
1
1
1
1
1
1
1
1
1
1
1
1
1
1
1
1
1
1
1
1
1
1
1
1
1
1
1
1
1
1
1
1
1
1
1
1
1
1
1
1
1
1
1
1
1
1
1
1
1
1
1
1
1
1
1
1
1
1
1
1
1
1
1
1
1
1
1
1
1
1
1
1
1
1
1
1
1
1
1
1
1
1
1
1
1
1
1
1
1
1
1
1
1
0
7
18
0
19
2
12
12
0
18
3
0
0
2
19
18
19
0
0
3
0
0
19
19
19
3
18
3
19
18
18
18
18
10
0
0
3
19
18
3
0
19
0
3
3
0
0
19
18
0
3
13
0
19
19
20
0
18
9
18
7
0
18
18
3
19
13
3
19
3
0
19
2
0
19
3
19
0
5
19
19
0
18
3
3
19
9
4
18
18
19
0
18
3
12
18
18
18
3
0
3
0
18
3
18
19
0
19
19
3
3
13
18
18
18
0
18
18
19
0
19
3
0
0
18
19
6
0
19
19
19
0
0
19
19
19
12
0
19
18
0
3
3
0
18
3
19
3
18
12
19
0
18
3
19
0
0
19
0
12
19
18
19
18
0
11
3
18
18
3
0
18
0
19
3
0
0
3
8
19
3
18
6
18
3
18
3
19
0
10
3
13
0
18
19
19
14
18
0
18
3
19
19
19
0
18
19
0
18
3
19
18
8
18
19
3
3
3
5
18
18
3
3
3
3
3
3
3
0
3
18
19
4
18
19
18
13
18
3
3
14
0
3
18
19
3
0
18
0
3
3
3
3
3
3
18
18
19
0
19
3
11
13
0
18
18
18
3
0
0
19
3
19
18
18
0
0
19
3
18
3
3
18
19
0
3
3
20
4
3
3
0
19
14
0
19
18
18
0
19
